0	8.351037793365304
1	8.480381257399882
2	8.468468246898908
3	8.695127290350776
4	8.502832947119439
5	8.477755733080004
6	8.324202156400524
7	8.362713765027024
8	8.392320915128021
9	8.372122445751828
10	8.394501268948616
11	8.35328076000777
12	8.295944559276542
13	8.247795277141888
14	8.234005695596213
15	8.366915924211511
16	7.999811828423323
17	8.011136186282089
18	8.0115082766694
19	8.256746735847894
20	8.12378618489479
21	8.286319382098467
22	8.152765605629057
23	8.354309930355564
24	8.707288424247034
25	8.917851190339043
26	8.829193358964632
27	8.756399338168855
28	8.670499721796055
29	8.741125216563736
